66
9
22
25
12
23
76
91
79
31
13
62
75
76
94
51
84
9
21
91
91
26
97
100
14
41
38
20
82
39
38
99
94
1
30
76
34
77
70
82
79
66
70
73
72
97
4
68
67
26
82
48
3
32
19
86
51
11
89
45
68
9
56
19
62
66
4
86
79
96
92
76
23
7
98
63
26
66
24
76
49
97
93
72
18
29
44
19
24
18
35
49
40
79
56
85
18
9
71
61
50
14
28
13
67
98
95
93
60
23
58
19
35
93
70
52
57
40
21
24
32
22
74
80
24
49
18
67
48
1
82
87
5
40
46
58
77
1
39
26
52
88
53
50
58
66
95
56
84
53
1
62
26
35
7
74
18
85
26
73
6
26
30
96
66
99
65
55
37
9
86
10
58
22
7
75
63
61
40
3
67
5
39
72
48
100
52
72
49
15
63
6
34
70
57
93
74
65
92
75
87
73
78
71
88
29
47
17
7
22
100
19
89
50
36
89
31
27
2
66
52
58
60
11
50
37
94
88
1
16
43
23
96
45
53
51
39
50
55
84
53
89
23
45
65
84
69
98
61
96
72
59
83
61
97
55
78
45
70
90
20
34
36
100
92
8
99
28
46
65
94
90
98
98
22
95
87
36
41
100
87
18
68
32
95
73
43
13
52
69
14
55
6
33
56
9
17
72
23
81
50
13
29
31
93
99
40
78
91
79
1
27
48
35
15
91
40
12
5
15
38
6
36
33
55
66
81
59
48
33
71
14
41
54
32
94
22
87
73
79
21
69
90
54
33
51
26
59
95
67
40
69
83
84
15
17
36
15
59
18
25
77
50
19
35
91
90
44
55
73
10
52
76
10
3
27
79
33
34
65
55
70
77
61
31
8
1
10
33
51
26
85
74
26
80
45
94
10
80
40
39
66
72
70
75
55
4
15
11
34
5
85
20
98
27
94
98
34
48
73
38
30
26
81
28
26
23
1
78
35
7
44
98
12
51
23
55
4
2
46
100
8
76
75
96
64
98
95
75
78
18
54
83
18
11
15
75
85
23
80
16
82
14
3
51
46
99
93
22
95
19
48
88
64
24
58
28
21
52
29
95
72
35
53
82
32
55
25
59
67
65
17
84
94
91
23
71
51
54
33
